Top 100 words — arabic
────────────────────────────────────────────────────────────
 Rank  Token                                               Count
────────────────────────────────────────────────────────────
    1.  في                                                 59,544
    2.  من                                                 40,083
    3.  على                                                27,073
    4.  إلى                                                20,339
    5.  أن                                                 18,575
    6.  مع                                                  8,699
    7.  عن                                                  8,391
    8.  التي                                                8,373
    9.  ما                                                  7,203
   10.  هذه                                                 5,747
   11.  أو                                                  5,724
   12.  هذا                                                 5,432
   13.  لا                                                  5,413
   14.  بعد                                                 4,529
   15.  الذي                                                4,499
   16.  خلال                                                4,320
   17.  بين                                                 4,271
   18.  عام                                                 3,820
   19.  كما                                                 3,673
   20.  غير                                                 3,209
   21.  ،                                                   3,179
   22.  حيث                                                 3,161
   23.  لم                                                  3,105
   24.  كان                                                 3,062
   25.  إن                                                  2,878
   26.  أكثر                                                2,759
   27.  قد                                                  2,729
   28.  ذلك                                                 2,597
   29.  مثل                                                 2,420
   30.  قبل                                                 2,411
   31.  كانت                                                2,408
   32.  بشكل                                                2,335
   33.  عبر                                                 2,188
   34.  منذ                                                 2,127
   35.  المتحدة                                             2,126
   36.  أي                                                  2,089
   37.  لكن                                                 2,036
   38.  حتى                                                 2,030
   39.  هو                                                  1,967
   40.  نحو                                                 1,967
   41.  أنه                                                 1,959
   42.  العام                                               1,942
   43.  كل                                                  1,914
   44.  الرئيس                                              1,889
   45.  اليوم                                               1,864
   46.  مما                                                 1,863
   47.  مليون                                               1,731
   48.  بل                                                  1,702
   49.  وفي                                                 1,666
   50.  مليار                                               1,623
   51.  وقال                                                1,620
   52.  ذلك،                                                1,612
   53.  .                                                   1,583
   54.  وهو                                                 1,581
   55.  بما                                                 1,580
   56.  يوم                                                 1,572
   57.  حول                                                 1,504
   58.  بعض                                                 1,503
   59.  ترامب                                               1,459
   60.  دون                                                 1,454
   61.  الولايات                                            1,436
   62.  يمكن                                                1,415
   63.  الحكومة                                             1,385
   64.  شركة                                                1,362
   65.  دولار                                               1,307
   66.  بينما                                               1,299
   67.  بنسبة                                               1,296
   68.  الذين                                               1,292
   69.  مجلس                                                1,287
   70.  رئيس                                                1,281
   71.  عندما                                               1,252
   72.  إذ                                                  1,243
   73.  تم                                                  1,243
   74.  إسرائيل                                             1,241
   75.  عند                                                 1,218
   76.  هي                                                  1,215
   77.  الشركة                                              1,184
   78.  فإن                                                 1,181
   79.  إلا                                                 1,174
   80.  فيما                                                1,173
   81.  أنها                                                1,173
   82.  بسبب                                                1,162
   83.  إذا                                                 1,161
   84.  جميع                                                1,159
   85.  ألف                                                 1,155
   86.  و                                                   1,149
   87.  الأميركي                                            1,125
   88.  الذكاء                                              1,117
   89.  السعودية                                            1,113
   90.  أيضًا                                               1,104
   91.  عدد                                                 1,079
   92.  قال                                                 1,074
   93.  –                                                   1,062
   94.  تلك                                                 1,044
   95.  وفق                                                 1,038
   96.  ومن                                                 1,019
   97.  هناك                                                1,012
   98.  أمام                                                1,005
   99.  الدول                                               1,002
  100.  بأن                                                 1,002
